DatasetName,CNOT4_S(11) CNOT4_S(321) CNOT4_S(324) CNOT4_S(415) CNOT4_S(432) CNOT4_T(296) CNOT4_T(299),CNOT4_S(298) CNOT4_S(301) CNOT4_S(307) CNOT4_S(429) CNOT4_S(430),CNOT4_S(2) CNOT4_S(4) CNOT4_S(71)
RM2024_Intensity D4-1___3,,,
RB2022_4_PostEndurance,,,
FSO2013_Ratio M/L normalized Rep3,,,
SR2019_MCF7_Biol_repl_3,,,
RKK2015_IKKb(K44M)+TNF-α/IKKb(K44M),,,
SR2019_LM2_Biol_repl_1,,,
RCJD2014_15min_1,,,
AS2011_Ratio H/L Normalized by Proteins Inhi_1,,,
CK2022_7 16-1,,,
NJH2025_Sub12_HIIT_Mid,,,
AH2018_LFQ_IT_1_C,0.5159947041512949,,
RKK2015_TNF-α/basal,,,
JJ2018_Ratio H/M normalized pP2,,,
NJH2025_Sub12_MICT_Pre,,,
NJH2025_Sub7_MICT_Post,,,
DL2023_control-3,,,
ZX2022_Control Replicate 2,0.5096807480620954,,
HS2024_6_B_T3,,,
JW2015_Intensity pre1,,,
IMM2018_normalised rep. int. Empty-3,,,
AMK2021_30R_p5,,,
FSO2013_Ratio M/L normalized Rep1,,,
SR2019_MDAMB231_Biol_repl_4,,,
GF2025_P2_Sph,,,
FSO2012_Ratio -/+ 3-MB-PP1 exp. wt2b,,,
NJH2025_Sub13_HIIT_Mid,,,
CP2009_Ratio M/L,,,
NJH2025_Sub7_HIIT_Post,,,
KBE2022_Log2_Ex_44_T,,,0.39533658986271
DB2022_Intensity L2,,,
TM2022_mock.4h.C,,,
AST2020_anti-CD3.2,,,
CW2012_10 µM Erl/control Experiment 1 Replicate B,,,
HS2024_7_B_N1,,,
FSO2013_Ratio M/L normalized Rep1___1,,,
SAS2015_AZD/DMSO_Exp3,,,
RM2024_Intensity D0-2___3,,,
RM2024_Intensity D6-1,,,
RB2022_8_RecoverySprint,,0.6251705288220686,
RB2022_5_PreEndurance,,0.5966441022475519,
CKC2017_log2 normalized phosphoproteomics_30min_rep#2,,,
EP2017_Untreated R#4 normalized log2 ratio,0.5152362428396002,0.6098580180277389,
WZ2023_Pu_010_30min,0.5305315370676976,0.6068026973346582,
AS2011_Ratio H/L Proteins RNAi_2,,,
RB2022_4_PreStrength,,0.6086087904377739,
NJH2024_Sub4_MICT_Post,,,
AH2018_LFQ_M_1_X,0.5294996331557231,,
RB2022_8_RecoveryEndurance,,0.5811077737007336,
KBE2022_Log2_Ex_14_U,0.503317221606925,,
FSO2013_Ratio M/L normalized Rep3___3,,,
AH2018_TMTMS3_1_C,,,
JJ2018_Ratio H/L normalized___1,,,
ZQ2022_C2,,,
RB2022_5_PreSprint,,0.5967203238460808,
PG2020_Intensity 8h_C,0.526142675528721,,0.3641220829633758
AH2018_SILAC_MR_2_N,,,
MV2014_Ratio M/L normalized A1___2 (2 min),,,
TM2022_S2.8h.B,,,
MV2014_Ratio M/H normalized B3___1 (30 min),,,
FSO2012_Ratio -/+ 3-MB-PP1 exp. as4a,,,
RNJ2017_Log2_ratio_Tsup:Tstim_D2,,,
RM2024_Intensity D6-1___2,,,
NJH2025_Sub7_MICT_Mid,,,
LY2019_P1+,,,
AS2011_Ratio H/L Proteins Inhi_2,,,
BS2014_Log2(Ratio H/L normalized),,,
UK2020_HCM_2,,,
FSO2013_Ratio H/L normalized Rep2___2,,,
EP2017_Pervanadate R#3 normalized log2 ratio,0.5161423352697655,0.6193067980520915,
RM2024_Intensity D4-3___3,,,
RB2022_5_PreStrength,,0.6129389373439939,
NJH2024_Sub4_MICT_Mid,,,
TM2022_S2.4h.A,,,
RB2022_5_PostStrength,0.5184517458682736,,
GF2025_P6_Sph,,,
RB2022_2_PreSprint,,0.5879864722994456,
ZX2022_CB treated Replicate 3,0.5108405624346346,,
RM2024_Intensity D6-2___3,,,
WZ2023_Pe_025_10min,0.5324094739905488,0.6114907048173805,
AS2011_Ratio H/L Normalized by Proteins RNAi_1,,,
AST2020_anti-CD3+PDL2.1,,,
KBE2022_Log2_Ex_34_U,,,0.3604100680433084
WZ2023_Pu_005_10min,0.5338920940915161,0.612750395134017,
AS2011_Ratio H/L RNAi_2_1,,,
NJH2024_Sub9_HIIT_Mid,,,
CK2022_9 40-1,,,
KTGR2014_Ratio H L Normalized Rep1_Rapamycin_0_15,,,
LG2023_GSK3α-1_intensity,,,
WZ2023_Pu_025_30min,0.5351947413638966,0.6116201731471861,
AH2018_SILAC_MR_2_X,,,
HS2024_4_PD_T2,,,
NJH2024_Sub4_HIIT_Pre,,,
RB2022_2_RecoverySprint,0.511493283048155,0.6103703341651695,
AS2011_Ratio H/L Protein RNAi_1,,,
RM2024_Intensity D2-1___2,,,
CR2017_Ratio Replicate 1.4,0.516445473969048,,
FR2021_Norm.Intensity.B,,,
RM2024_Intensity D6-2___1,,,
YC2018_Log2(SKBR3-LR/SKBR3)_Rep.2-1,,,
RB2022_5_PostSprint,,,
EJN2021_3_Rest_Basal,,,
CR2017_Ratio Replicate 1.3,0.5106817738625572,0.5930915158379123,
AS2011_Ratio H/L Normalized by Protein RNAi_2,,,
KTGR2014_Ratio-Rapa 7 mins,,,
AMK2021_120R_p1,,,
AH2018_SILAC_3_X,,,
JJ2018_Ratio M/L normalized pP3,,,
AH2018_SILAC_M_2_N,0.5054800818246754,,
HS2024_7_PD_T2,,,
FSO2013_Ratio H/L normalized Rep1___1,,,
AH2018_LFQ_1_C,0.5251905888215832,,
AS2011_Ratio H/L Normalized Inhi_1_3,,,
KBE2022_Log2_Ex_28_T,,,
HS2024_3_B_N1,,,
RM2024_Intensity D4-2___3,,,
WZ2023_Pe_025_30min,0.5308623889118848,0.6092242022786378,
CK2022_11 40-1,,,
CW2012_10 µM Erl/control Experiment 3 Replicate B,,,
AH2018_SILAC_2_X,0.5059692162778793,,
MV2014_Ratio H/M normalized A2___2 (2 min),,,
AS2011_Ratio H/L RNAi_1_2,,,
KS2014_Intensity E15_1,0.5220773280092209,0.651522089049054,0.4124225068390337
FSO2013_Ratio H/L normalized Rep2,,,
WZ2023_Pu_005_20min,0.5289437735120069,0.6076919442379657,
NJH2024_Sub10_MICT_Post,,,
RM2024_Intensity D2-3___1,,,
CR2017_Ratio Replicate 1.5,0.5115146857681468,,
CW2012_10 µM Gef/control Experiment 2 Replicate B,,,
HS2024_7_B_T3,,,
CKC2017_log2 normalized phosphoproteomics_60min_rep#1,,,
AS2011_Ratio H/L RNAi_1,,,
JC2019_Normalised_intensity_A_TiOx_Testis_sample_URO0059,,,
AH2018_LFQ_M_1_C,0.5286273540524371,,
NJH2025_Sub7_MICT_Pre,,,
SR2019_SKBR3_Biol_repl_2,,,
HS2024_9_B_T2,,,
KTGR2014_Ratio-AA 7 mins,,,
MV2014_Ratio L/H normalized B3___3 (5 min),,,
HS2024_3_PD_T1,,,
FSO2013_Ratio M/L normalized Rep3___2,,,
SR2019_BT549_Biol_repl_3,,,
RCJD2014_20min_mean,,,
FR2021_Norm.Intensity.H,,,
RB2022_2_PreStrength,0.48611015257601686,0.616710144623468,
DB2022_LFQ intensity L1.2,,,
HS2024_4_B_N1,,,
KTGR2014_Ratio H M Normalized Rep2_Rapamycin_0_15,,,
CK2022_1 16-1,,,
CK2022_1 200-1,,,
PG2020_Intensity Mock_10h_D,0.5155666469553288,,
SR2019_MCF10A_Biol_repl_2,,,
JJ2018_Ratio M/L normalized pP2___2,,,
HS2024_6_PD_T1,,,
JVO2010_Ratio M/L Normalized by Protein ThymON - Log2 G1/S,,,
RB2022_6_RecoveryEndurance,,0.6065636564387897,
FSO2012_Ratio -/+ 3-MB-PP1 exp. wt3b,,,
EP2017_Mitotic R#2 normalized log2 ratio,0.5250814870990055,0.6228724397976044,
RCJD2014_5min_1,,,
RM2024_Intensity D4-1___1,,,
DL2023_24h-1,,,
YC2018_Log2(SKBR3-LR/SKBR3)_Rep.1-1,,,
FSO2012_Ratio -/+ 3-MB-PP1 exp. as2b,,,
TM2022_S2.4h.C,,,
SAS2015_PLX/AZD_Exp2,,,
CR2017_Ratio Replicate 3.3,0.5141841146221064,,
PG2020_Intensity 2h_C,0.5130031654181748,,
VOI2024_Veh2 di,,,
ZX2022_CB treated Replicate 2,0.5118225564145853,,
KBE2022_Log2_Ex_8_T,0.5005059068421301,,
NJH2025_Sub10_MICT_Post,,,
HS2024_6_I_T3,,,
RN2012_L11,,,
AS2011_Ratio H/L Normalized Inhi_2_2,,,
IMM2018_normalised rep. int. Empty-1,,,
HS2024_5_PD_T1,,,
AH2018_LFQ_M_2_C,0.5229205559091107,,
CK2022_3 40-1,,,
RBK2021_1260T Early,,,
NJH2024_Sub4_HIIT_Post,,,
HS2024_4_I_T1,,,
YA2020_Reporter_intensity_Cancer_No.5,,,
HH2022_Reporter intensity 8,,,
ZQ2022_N2,,,
FSO2012_Ratio -/+ 3-MB-PP1 exp. wt1b,,,
FSO2013_Ratio H/L normalized Rep3___3,,,
AH2018_TMTMS3_2_N,,,
EJN2021_5_Rest_Basal,,,
NJH2025_Sub2_HIIT_Post,,,
NJH2025_Sub1_MICT_Post,,,
HS2024_9_B_T1,,,
FSO2012_Ratio -/+ 3-MB-PP1 exp. wt1a,,,
JAW2011_Ratio H/L LS2_1,,,
JVO2010_Log2 Ratio H/M Normalized aphidicolin,,,
NJH2024_Sub6_HIIT_Pre,,,
AH2018_SILAC_3_N,,,
YA2020_Reporter_intensity_Normal_No.1,,,
HS2024_3_B_T1,,,
JJ2018_Ratio H/L normalized___2,,,
RM2024_Intensity D0-2,,,
MV2014_Ratio M/L normalized B1___2 (5 min),,,
RB2022_7_PostStrength,,,
RB2022_1_PostEndurance,,,
CR2017_Ratio Replicate 3,0.5254183052039385,0.624172857510727,
SR2019_Hs578T_Biol_repl_3,,,
MV2014_Ratio L/H normalized B3___1 (5 min),,,
RBK2021_1244T Early,,,
RB2022_3_PostSprint,0.4798030263144826,,
NJH2024_Sub13_MICT_Mid,,,
KTGR2014_Ratio-AA 2 mins,,,
GF2025_P7_Sph,,,
HS2024_8_I_T3,,,
CF2017_EOC 3,0.5083616262896241,,
LATM2013_Normalized Log2 Ratio (Medium/Light) Forward,,,
HS2024_6_PD_T3,,,
DL2023_12h-2,,,
RM2024_Intensity D6-3___1,,,
FS2019_Ctr1,,,0.26086116454769304
WZ2023_Pu_010_20min,0.5353534659428537,0.609907290139582,
AS2011_Ratio H/L_3,,,
CK2022_1 40-1,,,
RNJ2017_Log2_ratio_Tsup:Trest_D1,,,
CK2022_8 16-1,,,
KS2014_Intensity N3,0.5184730315952344,0.5914696255448635,
RB2022_4_RecoveryEndurance,,0.6095002413659218,
RB2022_5_RecoveryEndurance,,0.6064602767727051,
JAW2011_Ratio H/L LS1a_2,,,
NJH2024_Sub12_HIIT_Mid,,,
AH2018_LFQ_IT_1_N,0.515782095334038,,
FSO2013_Ratio H/M normalized Rep2,,,
RAM2015_Log2 A,0.5051733524567388,,
HS2024_8_PD_T1,,,
JJ2018_Ratio H/L normalized pP2,,,
CF2017_OSE 27,0.5222345624507823,,
KS2014_Intensity E15_2,0.5270190772418356,0.6529628739710429,
BS2014_Log2(Ratio H/L protein),,,
PG2020_Intensity 8h_A,0.5227507602835033,,0.3919695798180683
HS2024_7_I_T1,,,
VOI2024_Veh3 di,,,
RKK2015_TNF-α+SC-514/basal,,,
SR2019_JIMT1_Biol_repl_1,,,
HW2015_Ratio H/L normalized Exp2,,,
HS2024_3_I_N1,,,
AH2018_SILAC_M_3_X,,,
NJH2024_Sub9_HIIT_Post,,,
AS2011_Ratio H/L RNAi_1_3,,,
GRW2016_Ratio H/L normalized SILAC 1___2,,,
NJH2025_Sub1_HIIT_Pre,,,
YC2018_Log2(SKBR3-LR/SKBR3)_Rep.1-2,,,
NJH2024_Sub4_HIIT_Mid,,,
VOI2024_0.1uM 2 h_1 di,,,
KBE2022_Log2_Ex_6_T,,,
RM2024_Intensity D4-3___1,,,
AH2018_LFQ_4_X,,,
AS2011_Inhi 2_Ratio H/L normalized by corresponding protein level (H:TAL treatment; L: MA treatment),,,
RB2022_8_PostEndurance,0.5068521711111971,,
NJH2025_Sub4_MICT_Mid,,,
YP2020_Intensity C30_R1_mult_log2,,,
AST2020_anti-CD3.1,,,
NJH2025_Sub4_HIIT_Post,,,
EP2017_Untreated R#4 log2 ratio,0.514118175755793,0.6077159551617453,
HS2024_6_B_N1,,,
KBE2022_Log2_Ex_27_T,0.5131999140677895,,
CW2012_10 µM Gef/control Experiment 1 Replicate A,,,
VOI2024_0.1uM 24 h_1 mono,,,
AMK2021_120R_p5,,,
AS2011_Ratio H/L Proteins,,,
NJH2024_Sub7_HIIT_Post,,,
NJH2015_TMT Subject 1 127_N/126 (Exercise/Basal) (normalized),0.5267852681768076,,
AS2011_Ratio H/L RNAi_2_2,,,
RB2022_7_RecoveryStrength,0.5225691290451635,0.6177971811555842,
AH2018_SILAC_IT_3_X,0.5001120753523244,,
JAW2011_Ratio H/L,,,
PG2020_Intensity 10h_C,0.5078261609644006,,
FSO2013_Ratio M/L normalized Rep2,,,
CP2009_Ratio H/M Normalized (50 nM dasatinib vs 5 nM dasatinib),,,
HH2022_Reporter intensity 5,,,
SR2019_HCC1954_Biol_repl_2,,,
CK2022_14 40-1,,,
RB2022_6_PreSprint,,0.5869501877159149,
NJH2025_Sub12_MICT_Mid,,,
PG2020_Intensity 4h_D,0.5286992669284452,,
NJH2025_Sub2_MICT_Post,,,
AH2018_LFQ_4_C,0.5200246222323986,,
DL2023_control-1,,,
AR2021_ALG 10 μM,0.4888508098747989,0.5998480305250189,0.4653939258486681
JAW2011_Ratio H/L LS2_2,,,
AH2018_SILAC_IT_3_N,0.505840147453433,,
EJN2021_4_Rest_Ins,,,
RN2012_H05,,,
NJH2024_Sub7_HIIT_Mid,,,
GF2025_P2_Adh,,,
FSO2012_Ratio -/+ 3-MB-PP1 exp. as4b,,,
RB2022_8_PostSprint,,,
EJN2021_1_Rest_Ins,,,
HH2022_Reporter intensity 3,,,
FSO2012_Ratio -/+ 3-MB-PP1 exp. wt4b,,,
AH2018_SILAC_IT_1_C,0.5149229193625001,,
JW2021_After_3,,,
GF2025_P8_Sph,,,
FSO2012_Ratio -/+ 3-MB-PP1 exp. wt4,,,
JJ2018_Ratio M/L normalized pP2___1,,,
AH2018_SILAC_2_N,0.5042586394847154,,
CK2022_11 200-1,,,
CK2022_12 200-1,,,
AS2011_Ratio H/L Normalized by Protein RNAi_1,,,
RM2024_Intensity D2-1___3,,,
NJH2024_Sub1_MICT_Pre,,,
HH2022_Reporter intensity 9,,,
WZ2023_Su_010_20min,0.5292113192983202,0.6076315339238055,
AH2018_TMTMS2_2_N,,,
NJH2024_Sub13_MICT_Pre,,,
KBE2022_Log2_Ex_41_U,,,0.3706326730563809
NJH2015_TMT Subject 3 129_N/128_C (Exercise/Basal) (normalized),0.5281529701753039,,
AH2018_TMTMS3_Pool,,,
KS2014_Intensity N4,,0.5992856680890661,
NJH2024_Sub1_HIIT_Post,,,
MM2018_Ratio H/L replicate2,,,
RM2024_Intensity D4-2___2,,,
NJH2024_Sub13_HIIT_Pre,,,
CF2017_OSE 26,,,
CK2022_14 200-1,,,
SR2019_Hs578T_Biol_repl_1,,,
RB2022_7_PostSprint,,,
TM2022_mock.4h.A,,,
NJH2025_Sub12_HIIT_Pre,,,
AH2018_TMTMS3_1_N,,,
AST2020_anti-CD3+PDL2.2,,,
PG2020_Intensity Mock_10h_A,0.5210280643406929,,
JW2021_After_2,,,
NJH2024_Sub2_MICT_Post,,,
EJN2021_2_Rest_Ins,,,
SR2019_LM2_Biol_repl_4,,,
CP2009_Ratio H/M,,,
JAW2011_Ratio H/L HS,,,
CK2022_13 16-1,,,
GF2025_P1_Adh,,,
GF2025_P1_Sph,,,
EJN2021_5_Ex_Basal,,,
HS2024_7_I_T3,,,
JJ2018_Ratio H/L normalized pP2___2,,,
WZ2023_Pe_010_10min,0.5317993220451983,0.6122297328160465,
CF2017_EOC 1,0.5082833999603812,,
CK2022_3 200-1,,,
AH2018_LFQ_IT_3_C,0.5047597780815273,,
SR2019_Hs578T_Biol_repl_2,,,
NJH2024_Sub12_HIIT_Post,,,
JJ2018_Ratio H/L normalized pP1___2,,,
MV2014_Ratio H/L normalized A1___2 (10 min),,,
NJH2024_Sub10_MICT_Mid,,,
NJH2024_Sub13_MICT_Post,,,
BS2014_Log2(Ratio H/L normalized Rep_1),,,
RB2022_3_RecoverySprint,0.5403478728862405,0.6023637387749303,
NJH2025_Sub1_HIIT_Mid,,,
RCJD2014_20min_2,,,
FSO2012_Ratio -/+ 3-MB-PP1 exp. wt2,,,
HS2024_6_PD_T2,,,
HS2024_5_B_T1,,,
CW2012_10 µM Gef/control Experiment 2 Replicate A,,,
DL2023_12h-3,,,
SR2019_MDAMB231_Biol_repl_2,,,
HS2024_3_B_T2,,,
RB2022_6_PreStrength,,0.5973444663980707,
CK2022_2 40-1,,,
RB2022_1_PostSprint,,,
CK2022_4 200-1,,,
JW2021_Before_2,,,
TM2022_S2.12h.A,,,
MV2014_Ratio L/M normalized B2___2 (30 min),,,
CK2022_5 16-1,,,
AR2021_ALG 1 μM,0.49808737989135893,0.594516469564878,
HS2024_4_B_T1,,,
MV2014_Ratio M/H normalized A3___1 (10 min),,,
SR2019_BT549_Biol_repl_4,,,
EJN2021_1_Rest_Basal,,,
NJH2025_Sub8_MICT_Post,,,
RCJD2014_5min_3,,,
CR2017_Ratio Replicate 3.2,0.49971910546163106,,
FSO2012_Ratio -/+ 3-MB-PP1 exp. as3a,,,
GF2025_P7_Adh,,,
CK2022_9 16-1,,,
NJH2024_Sub6_HIIT_Post,,,
AMK2021_30R_p3,,,
AS2011_Ratio H/L Normalized RNAi_2,,,
RM2024_Intensity D0-2___2,,,
KS2014_Intensity pY_N4,,,
CK2022_13 200-1,,,
AS2011_Ratio H/L Normalized_2,,,
PG2020_Intensity 6h_D,0.524970474873062,,
CK2022_16 16-1,,,
FS2019_db/db3,,,0.34408594533948317
CK2022_15 40-1,,,
NJH2024_Sub9_MICT_Pre,,,
BS2014_Log2(Ratio H/L unmodified peptide),,,
WZ2023_Su_005_10min,0.5274430605944678,0.6058566997635901,
RM2009_Ratio M/L (M:15 min timepoint;L:0 min. timepoint),,,
KBE2022_Log2_Ex_41_T,,,0.3943267357305542
AMK2021_Ctrl_p1,,,
AH2018_LFQ_IT_3_X,0.5059927236974973,,
HS2024_5_PD_T3,,,
AH2018_TMTMS3_3_X,,,
FSO2012_Ratio -/+ 3-MB-PP1 exp. as2,,,
KBE2022_Log2_Ex_40_U,0.5023912783012996,,
AH2018_LFQ_M_1_N,0.5321067748510664,,
KBE2022_Log2_Ex_27_U,0.5134149110832917,,
HW2015_Ratio M/L normalized Exp3,,,
RKK2015_TNF-α/IKKb(K44M),,,
AH2018_SILAC_M_1_N,0.5163821372598711,,
HW2015_Ratio M/L normalized Exp1,,,
RB2022_5_RecoveryStrength,0.5418648153078204,0.6208645702672746,
YP2020_Intensity P10_R1_mult_log2,,,
RB2022_7_PreStrength,,0.5990416097598832,
YA2020_Reporter_intensity_Normal_No.4,,,
NJH2025_Sub13_HIIT_Pre,,,
PG2020_Intensity CT_D,0.5200143826757632,,
NJH2025_Sub9_MICT_Post,,,
VOI2024_Veh1 mono,,,
CK2022_12 16-1,,,
RN2012_L13,,,
LG2023_Control-1_intensity,0.5319115554466222,,
RM2024_Intensity D6-3___2,,,
KBE2022_Log2_Ex_8_U,0.5073708903170747,,
SR2019_SKBR3_Biol_repl_3,,,
NJH2024_Sub1_MICT_Post,,,
HS2024_3_I_T2,,,
KTGR2014_Ratio M L Normalized Rep2_Rapamycin_0_15,,,
RM2024_Intensity D0-3___3,,,
HS2024_6_I_T2,,,
CW2012_10 µM Erl/control Experiment 2 Replicate B,,,
AS2011_Ratio H/L Protein Inhi_1,,,
FSO2013_Ratio H/M normalized Rep2___1,,,
GRW2016_Ratio M/L normalized SILAC 5a___2,,,
CK2022_10 40-1,,,
NJH2024_Sub12_HIIT_Pre,,,
NJH2024_Sub8_MICT_Pre,,,
RM2024_Intensity D0-1___1,,,
LY2019_P3+,,,
HH2022_Reporter intensity 6,,,
RB2022_2_RecoveryStrength,0.5153610347100067,0.6400178728824235,
KTGR2014_Ratio-AA 15 mins,,,
AS2011_Ratio H/L Normalized RNAi_2_2,,,
KS2014_Intensity pY_N3,,,
MV2014_Ratio H/L normalized B1___2 (30 min),,,
LY2019_P5-,,,
HW2015_Ratio M/L normalized Exp2,,,
SR2019_HCC1419_Biol_repl_1,,,
AH2018_TMTMS2_3_X,,,
GF2025_P3_Adh,,,
SR2019_JIMT1_Biol_repl_2,,,
AH2018_TMTMS2_1_C,,,
RM2024_Intensity D0-1___2,,,
LY2019_P4+,,,
KBE2022_Log2_Ex_19_U,0.5062456788801464,,
CKC2017_log2 normalized phosphoproteomics_0min_rep#1,,,
RB2022_4_PostStrength,0.5082975861064268,,
LG2023_GSK3α-3_intensity,,,
YA2020_Reporter_intensity_Cancer_No.1,,,
AST2020_Control,,,
JAW2011_Ratio H/L LS1a,,,
RCJD2014_5min_mean,,,
NJH2015_iTRAQ Subject 4 114/115 (Exercise/Basal) (normalized),,,
NJH2025_Sub1_MICT_Mid,,,
TM2022_S2.12h.C,,,
NJH2025_Sub9_MICT_Mid,,,
CKC2017_log2 normalized phosphoproteomics_120min_rep#2,,,
AS2011_Ratio H/L Normalized Inhi_1_2,,,
FSO2013_Ratio M/L normalized Rep2___1,,,
LG2023_Control-2_intensity,0.5471653133004167,,
NJH2024_Sub8_HIIT_Pre,,,
KS2014_Intensity pY_N2,,,
RB2022_5_RecoverySprint,,0.6306506701870971,
RB2022_7_RecoverySprint,0.5105241866258325,0.6452600446838305,
YA2020_Reporter_intensity_Normal_No.3,,,
HS2024_8_B_T2,,,
AH2018_LFQ_1_X,0.5261680498840341,,
RM2024_Intensity D6-1___1,,,
RCJD2014_10min_2,,,
FR2021_Norm.Intensity.M,,,
RM2024_Intensity D0-3___1,,,
KS2014_Intensity N2,0.5290373517648169,0.6080673333235473,
HH2022_Reporter intensity 1,,,
HH2022_Reporter intensity 2,,,
RM2024_Intensity D6-2___2,,,
FSO2012_Ratio -/+ 3-MB-PP1 exp. as1,,,
RM2024_Intensity D2-3___2,,,
YA2020_Reporter_intensity_Normal_No.5,,,
SR2019_MCF7_Biol_repl_1,,,
FSO2012_Ratio -/+ 3-MB-PP1 exp. as1a,,,
HS2024_8_B_T1,,,
NJH2025_Sub6_HIIT_Pre,,,
RNJ2017_Log2_ratio_Tsup:Tstim_D1,,,
EP2017_Untreated R#2 log2 ratio,0.49472315813453355,0.5506623156757822,
SR2019_LM2_Biol_repl_3,,,
RB2022_4_RecoveryStrength,0.544188562181589,0.6284196689793224,
CR2017_Ratio Replicate 2,0.513769819293766,0.5917485096734304,
CW2012_10 µM Erl/control Experiment 2 Replicate A,,,
FSO2013_Ratio H/M normalized Rep3,,,
AR2021_KD 72h,0.5032377436564348,0.5906709020253811,0.4045816291772997
MV2014_Ratio H/M normalized B2___3 (5 min),,,
KBE2022_Log2_Ex_18_U,0.5042755436445122,,
AS2011_Ratio H/L Inhi_1_1,,,
NJH2024_Sub8_MICT_Post,,,
AH2018_TMTMS3_3_C,,,
KBE2022_Log2_Ex_9_U,0.49917447832172845,,
AH2018_SILAC_M_3_N,,,
KBE2022_Log2_Ex_13_T,0.4976930291046755,,
RM2024_Intensity D0-3,,,
SR2019_SKBR3_Biol_repl_1,,,
PG2020_Intensity Mock_10h_C,0.5126486671963091,,
CF2017_OSE 29,0.5165019783126695,,
YB2013_Ratio_H_L_Normalized_in_experiment_1,,,
NJH2025_Sub1_HIIT_Post,,,
DL2023_24h-2,,,
HS2024_7_B_N2,,,
PG2020_Intensity 10h_A,0.5133761569352993,,
RN2012_L12,,,
MV2014_Ratio M/L normalized B1___3 (5 min),,,
NJH2024_Sub8_MICT_Mid,,,
AH2018_LFQ_IT_4_C,,,
SAS2015_PLX/AZD_Exp1,,,
FR2021_Norm.Intensity.A,,,
FSO2013_Ratio H/M normalized Rep1___1,,,
JW2015_Intensity cap2,,,
BS2014_Log2(Ratio H/L normalized Rep_2),,,
NJH2024_Sub6_MICT_Post,,,
CK2022_8 40-1,,,
RB2022_7_RecoveryEndurance,,0.6086994072830809,
NJH2025_Sub12_HIIT_Post,,,
EJN2021_4_Ex_Basal,,,
TM2022_S2.12h.B,,,
RN2012_L15,,,
KS2014_Intensity pY_PV3,,,
TM2022_S2.4h.B,,,
PG2020_Intensity 4h_A,0.5306381083049175,,
FSO2013_Ratio H/M normalized Rep2___2,,,
TM2022_mock.4h.B,,,
KBE2022_Log2_Ex_24_U,,,0.41634822796873444
NJH2025_Sub13_MICT_Mid,,,
KS2014_Intensity C3,,0.6440571849145295,0.4119226755341791
RB2022_1_PreSprint,,,
HS2024_4_I_N1,,,
CK2022_7 200-1,,,
CK2022_5 200-1,,,
CKC2017_log2 normalized phosphoproteomics_120min_rep#3,,,
FSO2013_Ratio H/L normalized Rep2___1,,,
NJH2024_Sub10_HIIT_Mid,,,
RB2022_2_PostEndurance,,,
AH2018_LFQ_2_C,,,
AH2018_SILAC_MR_1_X,,,
KTGR2014_Ratio H M Normalized Rep1_Rapamycin_0_15,,,
IMM2018_normalised rep. int. Empty-2,,,
RM2024_Intensity D4-1,,,
KBE2022_Log2_Ex_25_U,,,0.38833132575306006
AH2018_SILAC_3_C,,,
EJN2021_5_Rest_Ins,,,
VOI2024_0.1uM 24 h_3 di,,,
RNJ2017_Log2_ratio_Tstim:Trest_D3,,,
DB2022_LFQ intensity L2.1,,,
FSO2013_Ratio H/M normalized Rep1,,,
CK2022_4 16-1,,,
AS2011_Ratio H/L,,,
SR2019_MCF7_Biol_repl_4,,,
EJN2021_2_Ex_Ins,,,
AS2011_Ratio H/L Inhi_2_3,,,
JAW2011_Ratio H/L LS1a_1,,,
AH2018_LFQ_1_N,0.5293717612177925,,
SAS2015_PLX/DMSO_Exp1,,,
SFR2015_HL_log2_ratio_avg_c,,,
JJ2018_Ratio M/L normalized pP2,,,
NJH2024_Sub7_MICT_Mid,,,
PG2020_Intensity 6h_B,0.5219452935781932,,
FSO2013_Ratio H/L normalized Rep3,,,
GRW2016_Ratio H/L normalized SILAC 2___2,,,
RKK2015_IKKb(K44M)+TNF-α/TNF-α,,,
JJ2018_Ratio M/L normalized,,,
KTGR2014_Ratio-AA 30 mins,,,
JW2021_After_1,,,
NJH2025_Sub2_MICT_Mid,,,
HS2024_6_B_N2,,,
KBE2022_Log2_Ex_9_T,0.5028445153446549,,
AH2018_SILAC_IT_2_N,0.5044478030123879,,
AH2018_SILAC_IT_1_X,0.5005899646682055,,
HW2015_Ratio H/L normalized Exp3,,,
HS2024_7_PD_T1,,,
UK2020_UA_2,,,
RM2024_Intensity D2-1___1,,,
GF2025_P10_Sph,,,
WZ2023_Pe_025_20min,0.532697611478495,0.6118330660083627,
JVO2010_Log2 Ratio M/L Normalized aphidicolin,,,
AH2018_LFQ_2_N,0.5225522255426707,,
HS2024_4_I_N2,,,
AH2018_TMTMS2_3_N,,,
RN2012_H06,,,
AS2011_Inhi 1_Ratio H/L normalized by corresponding protein level (H:TAL treatment; L: MA treatment),,,
HS2024_4_PD_T3,,,
WZ2023_Su_005_30min,0.5295266805453698,0.6079988836985197,
SR2019_HCC1419_Biol_repl_4,,,
JJ2018_Ratio H/M normalized___2,,,
SR2019_JIMT1_Biol_repl_3,,,
AS2011_Ratio H/L Protein,,,
UK2020_HCM_3,,,
NJH2024_Sub10_HIIT_Post,,,
CR2017_Ratio Replicate 3.1,0.5166247402155643,0.6132680732469323,
WZ2023_Su_025_10min,0.5281215476663639,0.6094418730145922,
AH2018_LFQ_IT_4_X,,,
CP2009_Ratio H/L,,,
VOI2024_0.1uM 24 h_3 mono,,,
RB2022_4_RecoverySprint,0.5312681669730867,0.6347464867672852,
RM2024_Intensity D6-3,,,
WZ2023_Su_005_20min,0.5268064308958584,0.6057780369966503,
CW2012_10 µM Gef/control Experiment 1 Replicate B,,,
SFR2015_HL_log2_ratio_avg_a,,,
CW2012_10 µM Erl/control Experiment 3 Replicate A,,,
RB2022_1_PreEndurance,,,
FSO2012_Ratio -/+ 3-MB-PP1 exp. wt3a,,,
LG2023_GSK3α-2_intensity,,,
EP2017_Pervanadate R#1 log2 ratio,0.5226752128980846,0.6545700300092551,
NJH2025_Sub6_HIIT_Post,,,
RB2022_6_RecoverySprint,0.52760939310431,0.6451641389756106,
KS2014_Intensity,0.5196732904336642,0.6320527746127746,0.4056825777972169
MV2014_Ratio H/M normalized A2___1 (2 min),,,
PG2020_Intensity 8h_D,0.5270368567374316,,
LY2019_P7+,,,
EP2017_Untreated R#1 normalized log2 ratio,0.5352787490588579,0.5333268237195198,
RN2012_L10,,,
PG2020_Intensity 4h_C,0.5168707137971527,,
EP2017_Mitotic R#3 normalized log2 ratio,0.5366379969280934,0.653217174243299,
FSO2012_Ratio -/+ 3-MB-PP1 exp. as4,,,
DB2022_LFQ intensity L1,,,
KBE2022_Log2_Ex_24_T,,,0.4034615729303755
RB2022_8_PostStrength,,,
AH2018_SILAC_IT_2_X,0.5015172766504971,,
HS2024_4_B_T3,,,
NJH2024_Sub2_HIIT_Post,,,
HS2024_8_B_N2,,,
NJH2025_Sub8_HIIT_Pre,,,
JJ2018_Ratio H/L normalized pP2___1,,,
HS2024_8_I_T2,,,
KBE2022_Log2_Ex_6_U,,,
LATM2013_Normalized Log2 Ratio (Light/Medium) Reverse,,,
CR2017_Ratio Replicate 1.1,0.5178693259207466,0.5962014462941198,
CKC2017_log2 normalized phosphoproteomics_30min_rep#1,,,
MV2014_Ratio M/H normalized B3___2 (30 min),,,
CK2022_16 200-1,,,
VOI2024_0.1uM 2 h_3 di,,,
EP2017_Mitotic R#1 normalized log2 ratio,0.5313296589784301,0.5780379484899381,
GF2025_P9_Sph,,,
CK2022_6 200-1,,,
NJH2024_Sub7_MICT_Post,,,
AH2018_TMTMS3_2_X,,,
NJH2024_Sub8_HIIT_Post,,,
DB2022_LFQ intensity R1,,,
JW2015_Intensity cap3,,,
SR2019_HCC1954_Biol_repl_1,,,
HS2024_4_I_T2,,,
NJH2024_Sub2_MICT_Mid,,,
VOI2024_0.1uM 2 h_2 mono,,,
CP2009_Ratio M/L Normalized (5 nM dasatinib vs Ctrl),,,
FSO2012_Ratio -/+ 3-MB-PP1 exp. as3b,,,
HS2024_4_PD_T1,,,
SAS2015_AZD/DMSO_Exp1,,,
NJH2024_Sub1_MICT_Mid,,,
IMM2018_normalised rep. int. CDK5L-3,,,
HS2024_3_B_T3,,,
MV2014_Ratio L/H normalized A3___2 (2 min),,,
NJH2025_Sub13_MICT_Pre,,,
SR2019_MDAMB231_Biol_repl_3,,,
GRW2016_Ratio H/L normalized SILAC 4___1,,,
MM2018_Ratio H/L replicate1,,,
PG2020_Intensity 2h_D,0.5185932281188419,,
EP2017_Untreated R#3 normalized log2 ratio,0.5612230625347531,0.6319869481770878,
MV2014_Ratio M/H normalized A3___3 (10 min),,,
NJH2024_Sub7_HIIT_Pre,,,
JAW2011_Ratio H/L LS2,,,
CK2022_8 200-1,,,
KS2014_Intensity pY_C4,,,
CR2017_Ratio Replicate 3.5,0.5375220616740214,,
RB2022_7_PostEndurance,,,
NJH2025_Sub4_HIIT_Pre,,,
CKC2017_log2 normalized phosphoproteomics_90min_rep#3,,,
TM2022_mock.12h.A,,,
JJ2018_Ratio H/L normalized pP1,,,
EP2017_Pervanadate R#2 normalized log2 ratio,0.5015314349191896,0.5667208774468513,
AS2011_Ratio H/L Normalized by Protein (Unnormalized),,,
KS2014_Intensity pY_E5_4,,,
RM2024_Intensity D4-3___2,,,
CKC2017_log2 normalized phosphoproteomics_15min_rep#1,,,
AH2018_SILAC_2_C,0.5047154956961261,,
AS2011_RNAi 2_Ratio H/L normalized by corresponding protein level (H: shPlk1; L: shEg5),,,
HS2024_7_I_N1,,,
KBE2022_Log2_Ex_29_T,0.5030651796620254,,
HS2024_7_I_T2,,,
AS2011_Ratio H/L Normalized RNAi_2_3,,,
CW2012_10 µM Gef/control Experiment 3 Replicate B,,,
HS2024_6_B_T2,,,
AMK2021_45I_p5,,,
CW2012_10 µM Erl/control Experiment 1 Replicate A,,,
SAS2015_PLX/DMSO_Exp2,,,
EJN2021_1_Ex_Basal,,,
FR2021_Intensity.M,,,
RB2022_2_PostSprint,,,
AH2018_SILAC_MR_3_N,,,
MV2014_Ratio H/L normalized B1___3 (30 min),,,
CF2017_FTE 13,0.5094430612153809,,
PG2020_Intensity CT_C,0.5212780537451763,,
ZCP2016_Ratio H/L Rep 1,,,
FS2019_db/db2,,,0.37260492704011927
KS2014_Intensity pY_PV4,,,
KBE2022_Log2_Ex_39_U,,,
EP2017_Untreated R#3 log2 ratio,0.5592052779904563,0.6291675348423397,
RB2022_2_PostStrength,,,
AS2011_Ratio H/L Normalized_1,,,
MV2014_Ratio M/H normalized A3___2 (10 min),,,
CR2017_Ratio Replicate 3.4,0.5302745574427755,,
HS2024_8_PD_T2,,,
FS2019_Ctr2,,,0.35024872133064827
RB2022_6_PreEndurance,,0.5937886399265204,
FR2021_Norm.Intensity.G,,,
NJH2025_Sub9_HIIT_Post,,,
CKC2017_log2 normalized phosphoproteomics_0min_rep#3,,,
RM2024_Intensity D4-3,,,
HS2024_8_B_N1,,,
NJH2025_Sub10_MICT_Mid,,,
KBE2022_Log2_Ex_15_U,,,
AS2011_Ratio H/L Normalized Inhi_2,,,
RKK2015_TNF-α/SC-514,,,
RB2022_3_PreSprint,,0.5865701368338707,
CR2017_Ratio Replicate 2.3,0.5040479363382039,0.6094410655871196,
RM2009_Ratio M/L Normalized by Corresponding Protein Level (M:15 min timepoint;L:0 min. timepoint),,,
CP2009_Ratio H/L Normalized (50 nM dasatinib vs Ctrl),,,
GF2025_P4_Adh,,,
YA2020_Reporter_intensity_Normal_No.2,,,
YP2020_Intensity P30_R2_mult_log2,,,
NJH2025_Sub13_MICT_Post,,,
HS2024_4_B_N2,,,
HS2024_3_PD_T3,,,
AMK2021_120R_p3,,,
MV2014_Ratio L/H normalized A3___3 (2 min),,,
NJH2025_Sub10_HIIT_Pre,,,
FR2021_Intensity.G,,,
RAM2015_Log2 C,0.506994425113245,,
AS2011_Ratio H/L Proteins Inhi_1,,,
FSO2013_Ratio H/M normalized Rep1___3,,,
AH2018_LFQ_M_2_N,0.5262288799076486,,
MV2014_Ratio M/L normalized A1___3 (2 min),,,
KBE2022_Log2_Ex_40_T,0.5036801957076475,,
CK2022_2 16-1,,,
RAM2015_Log2 B,0.5024244816921948,,
YP2020_Intensity C10_R1_mult_log2,,,
FSO2013_Ratio M/L normalized Rep1___2,,,
NJH2025_Sub8_MICT_Pre,,,
EJN2021_4_Rest_Basal,,,
YB2013_Ratio_H_L_Normalized_in_experiment_2,,,
JJ2018_Ratio H/M normalized pP3___1,,,
VOI2024_Veh2 mono,,,
HS2024_6_B_T1,,,
UK2020_HCM_5,,,
NJH2025_Sub10_HIIT_Post,,,
VOI2024_0.1uM 2 h_3 mono,,,
JW2015_Intensity pre3,,,
AS2011_Ratio H/L Normalized Inhi_2_1,,,
DL2023_24h-3,,,
HS2024_7_PD_T3,,,
PG2020_Intensity Mock_10h_B,0.5104778482397554,,
WZ2023_Su_025_30min,0.5312378160674072,0.610003656605682,
AH2018_LFQ_4_N,0.5236628248269365,,
CR2017_Ratio Replicate 1.2,0.5086510805317127,0.5881242219786381,
AS2011_Ratio H/L Normalized by Proteins,,,
RB2022_6_RecoveryStrength,0.5346714719617579,0.6250552147002094,
HS2024_8_I_N1,,,
AMK2021_Ctrl_p3,,,
AS2011_Ratio H/L Protein Inhi_2,,,
HH2022_Reporter intensity 7,,,
AH2018_SILAC_M_1_X,0.5179000237165194,,
RB2022_7_PreEndurance,,0.5982753881459504,
VOI2024_0.1uM 24 h_2 di,,,
DL2023_control-2,,,
LY2019_P6+,,,
DB2022_LFQ intensity R2,,,
GF2025_P6_Adh,,,
VOI2024_Veh1 di,,,
AS2011_Ratio H/L RNAi_2,,,
FSO2012_Ratio -/+ 3-MB-PP1 exp. as3,,,
VOI2024_Veh3 mono,,,
HS2024_5_I_T2,,,
NJH2025_Sub7_HIIT_Mid,,,
MV2014_Ratio H/L normalized B1___1 (30 min),,,
RM2009_Ratio H/L (H:60 min timepoint;L:0 min. timepoint),,,
RB2022_6_PostSprint,,,
KTGR2014_Ratio H L Normalized Rep2_Rapamycin_0_15,,,
AS2011_Ratio H/L Inhi_1,,,
AS2011_Ratio H/L Normalized RNAi_1_2,,,
AH2018_TMTMS3_2_C,,,
SR2019_Hs578T_Biol_repl_4,,,
RB2022_8_PreStrength,,0.6059953056208118,
KS2014_Intensity C5,0.5058683192421515,0.6346288180619308,0.41233689743921137
RM2024_Intensity D0-1,,,
CW2012_10 µM Gef/control Experiment 3 Replicate A,,,
YP2020_Intensity P30_R1_mult_log2,,,
NJH2025_Sub2_HIIT_Pre,,,
RB2022_3_RecoveryEndurance,,0.6135146257787228,
RNJ2017_Log2_ratio_Tstim:Trest_D2,,,
GF2025_P9_Adh,,,
RB2022_3_PostStrength,,,
TM2022_S2.8h.A,,,
AS2011_Ratio H/L RNAi_1_1,,,
AS2011_Ratio H/L Normalized by Proteins RNAi_2,,,
FSO2012_Ratio -/+ 3-MB-PP1 exp. wt1,,,
AS2011_Ratio H/L Normalized by Protein Inhi_1,,,
NJH2025_Sub2_MICT_Pre,,,
MV2014_Ratio L/M normalized A2___3 (10 min),,,
MV2014_Ratio H/M normalized A2___3 (2 min),,,
HS2024_4_B_T2,,,
SR2019_BT549_Biol_repl_1,,,
AH2018_LFQ_M_4_N,0.5272242667736675,,
NJH2024_Sub8_HIIT_Mid,,,
PG2020_Intensity 8h_B,0.5239459250408878,,0.38277290834325456
AH2018_LFQ_2_X,0.5223092793680787,,
PG2020_Intensity 2h_B,0.5171882980211835,,
AS2011_Ratio H/L Proteins RNAi_1,,,
RB2022_4_PostSprint,,,
KS2014_Intensity E15_3,0.526187159985221,0.6644700575151339,
GF2025_P3_Sph,,,
DB2022_LFQ intensity L2,,,
MV2014_Ratio H/L normalized A1___1 (10 min),,,
AH2018_SILAC_1_C,0.5160150345124501,,
NJH2024_Sub1_HIIT_Pre,,,
FSO2013_Ratio M/L normalized Rep2___2,,,
NJH2015_TMT Subject 4 130_N/129_C (Exercise/Basal) (normalized),0.507170552720846,,
AS2011_Ratio H/L RNAi_2_3,,,
AH2018_SILAC_IT_1_N,0.5040245147351288,,
KTGR2014_Ratio H M Normalized Rep2_AA_starvation_0_15,,,
RB2022_4_PreEndurance,,0.6087343665390866,
JJ2018_Ratio M/L normalized pP1,,,
CR2017_Ratio Replicate 2.4,,,
ZQ2022_N1,,,
LY2019_P6-,,,
RM2024_Intensity D2-3,,,
UK2020_HCM_1,,,
JW2015_Intensity pre2,,,
KTGR2014_Ratio M L Normalized Rep1_AA_starvation_0_15,,,
RM2024_Intensity D2-1,,,
NJH2025_Sub12_MICT_Post,,,
MV2014_Ratio H/M normalized B2___2 (5 min),,,
RN2012_L14,,,
AH2018_LFQ_3_N,0.5262623987951586,,
RKK2015_TNF-α/IKKb,,,
SFR2015_HL_log2_ratio_std_b,,,
UK2020_UA_1,,,
KBE2022_Log2_Ex_13_U,0.5060181729980482,,
AS2011_Ratio H/L Normalized Inhi_1,,,
RNJ2017_Log2_ratio_Tsup:Trest_D2,,,
RB2022_1_RecoverySprint,0.5199297325780688,,
CKC2017_log2 normalized phosphoproteomics_120min_rep#1,,,
JJ2018_Ratio H/L normalized pP3,,,
CK2022_7 40-1,,,
AS2011_Ratio H/L Inhi_1_3,,,
NJH2025_Sub10_HIIT_Mid,,,
KTGR2014_Ratio H L Normalized Rep2_AA_starvation_0_15,,,
JAW2011_Ratio H/L LS1b_1,,,
PG2020_Intensity 4h_B,0.5253198867258969,,
SR2019_BT549_Biol_repl_2,,,
RM2024_Intensity D4-2,,,
DB2022_LFQ intensity R2.2,,,
JJ2018_Ratio H/L normalized,,,
RB2022_5_PostEndurance,,,
HS2024_5_PD_T2,,,
WZ2023_Su_025_20min,0.5266288031141947,0.6064458346152148,
RM2024_Intensity D2-2___1,,,
IMM2018_normalised rep. int. CDK5L-2,,,
LY2019_P8-,,,
JVO2010_Ratio H/M Normalized by Protein ThymON - Log2 G2,,,
CKC2017_log2 normalized phosphoproteomics_15min_rep#3,,,
FSO2013_Ratio H/L normalized Rep1,,,
NJH2024_Sub2_HIIT_Pre,,,
CKC2017_log2 normalized phosphoproteomics_60min_rep#2,,,
CK2022_13 40-1,,,
FSO2012_Ratio -/+ 3-MB-PP1 exp. wt4a,,,
RN2012_H02,,,
PG2020_Intensity 10h_D,0.5147099921728874,,
RB2022_8_PreEndurance,,0.589716311569215,
HS2024_3_B_N2,,,
EJN2021_4_Ex_Ins,,,
AS2011_Ratio H/L Normalized by Protein,,,
EJN2021_1_Ex_Ins,,,
EP2017_Pervanadate R#3 log2 ratio,0.5178855415074879,0.620234109121111,
FSO2013_Ratio M/L normalized Rep1___3,,,
NJH2025_Sub4_HIIT_Mid,,,
RCJD2014_5min_2,,,
RB2022_6_PostStrength,0.524802516114037,,
AH2018_SILAC_MR_3_C,,,
AH2018_LFQ_M_4_C,0.5240691226689022,,
NJH2024_Sub4_MICT_Pre,,,
AS2011_Ratio H/L Normalized Inhi_1_1,,,
DL2023_12h-1,,,
MV2014_Ratio L/M normalized B2___1 (30 min),,,
DB2022_LFQ intensity L1.1,,,
NJH2025_Sub6_MICT_Pre,,,
NJH2025_Sub6_MICT_Post,,,
CKC2017_log2 normalized phosphoproteomics_60min_rep#3,,,
RN2012_H04,,,
CK2022_6 40-1,,,
DB2022_LFQ intensity R2.1,,,
KBE2022_Log2_Ex_42_U,,,
LY2019_P3-,,,
FR2021_Intensity.A,,,
EJN2021_3_Ex_Ins,,,
MV2014_Ratio M/L normalized A1___1 (2 min),,,
WZ2023_Pe_005_30min,0.5311434682716081,0.6114929869733308,
HS2024_8_PD_T3,,,
EJN2021_3_Ex_Basal,,,
AST2020_Control.1,,,
JW2015_Intensity cap1,,,
PG2020_Intensity CT_A,0.5134406096025997,,
FS2019_Ctr3,,,
WZ2023_Pu_025_20min,0.5335453902130204,0.6076519729710086,
NJH2025_Sub4_MICT_Post,,,
JVO2010_Ratio H/M Normalized by Protein Noco3h - Log2 Late S,,,
GF2025_P10_Adh,,,
RB2022_1_RecoveryStrength,0.5179855629926913,,
SR2019_HCC1954_Biol_repl_4,,,
FR2021_Norm.Intensity.N,,,
HS2024_5_B_N1,,,
FSO2013_Ratio H/M normalized Rep3___3,,,
AH2018_TMTMS2_2_C,,,
RB2022_4_PreSprint,,0.5886922146366572,
DB2022_Intensity R2,,,
AH2018_TMTMS2_Pool,,,
HS2024_8_I_N2,,,
RB2022_3_RecoveryStrength,0.5229172194838514,0.6199128604340187,
NJH2024_Sub6_HIIT_Mid,,,
AH2018_SILAC_M_1_C,0.5179418537843902,,
LY2019_P8+,,,
RB2022_2_RecoveryEndurance,,0.599217356859281,
JJ2018_Ratio H/M normalized pP2___1,,,
JAW2011_Ratio H/L HS_1,,,
RB2022_3_PostEndurance,0.518494749060945,,
KS2014_Intensity pY_PV1,,,
JAW2011_Ratio H/L LS1b_2,,,
SR2019_MCF7_Biol_repl_2,,,
NJH2015_TMT Subject 2 128_N/127_C (Exercise/Basal) (normalized),0.5300875993561966,,
AS2011_Ratio H/L Normalized RNAi_1_1,,,
AH2018_LFQ_M_4_X,0.5260903786468528,,
NJH2024_Sub6_MICT_Pre,,,
JJ2018_Ratio M/L normalized pP1___2,,,
YP2020_Intensity C30_R2_mult_log2,,,
NJH2024_Sub9_HIIT_Pre,,,
AS2011_Ratio H/L Normalized Inhi_2_3,,,
RM2024_Intensity D0-1___3,,,
FSO2012_Ratio -/+ 3-MB-PP1 exp. wt3,,,
KBE2022_Log2_Ex_28_U,,,
GRW2016_Ratio H/L normalized SILAC 1___1,,,
CF2017_FTE 17,0.5114452363071224,,
LY2019_P2-,,,
AH2018_LFQ_IT_1_X,0.5173489860734801,,
JJ2018_Ratio H/L normalized pP3___1,,,
RB2022_8_RecoveryStrength,0.5494952174505993,0.6423173187607041,
WZ2023_Pe_005_20min,0.5323631664755607,0.6102606503786046,
AST2020_Control.2,,,
NJH2025_Sub6_MICT_Mid,,,
RCJD2014_10min_1,,,
FSO2013_Ratio H/L normalized Rep2___3,,,
JVO2010_Ratio M/L Normalized by Protein Noco3h - Log2 G1,,,
HS2024_3_I_T1,,,
FSO2012_Ratio -/+ 3-MB-PP1 exp. as2a,,,
CK2022_4 40-1,,,
SR2019_MCF10A_Biol_repl_4,,,
KS2014_Intensity pY_C5,,,
NJH2025_Sub4_MICT_Pre,,,
NJH2024_Sub9_MICT_Post,,,
CF2017_OSE 28,0.5130768399048385,,
HS2024_5_B_T2,,,
HS2024_6_I_T1,,,
HS2024_5_B_T3,,,
JJ2018_Ratio H/M normalized pP1___1,,,
KBE2022_Log2_Ex_36_U,0.5061354979996959,,
AH2018_TMTMS3_3_N,,,
SR2019_HCC1419_Biol_repl_2,,,
FR2021_Intensity.N,,,
AS2011_Ratio H/L Inhi_2_1,,,
AH2018_SILAC_MR_1_C,,,
NJH2024_Sub1_HIIT_Mid,,,
NJH2025_Sub8_HIIT_Mid,,,
EP2017_Mitotic R#3 log2 ratio,0.5383315896960197,0.6544482699891622,
KBE2022_Log2_Ex_36_T,0.504743311415164,,
NJH2025_Sub6_HIIT_Mid,,,
WZ2023_Pu_005_30min,0.5318536555968385,0.6096700949316071,
KS2014_Intensity C2,,0.6399480364138418,0.4143518685919651
FSO2013_Ratio H/L normalized Rep1___2,,,
RM2024_Intensity D2-2,,,
KBE2022_Log2_Ex_42_T,,,
CK2022_9 200-1,,,
GRW2016_Ratio H/L normalized SILAC 2___1,,,
JJ2018_Ratio H/M normalized pP3___2,,,
DB2022_LFQ intensity R1.1,,,
CK2022_10 200-1,,,
NJH2024_Sub9_MICT_Mid,,,
JAW2011_Ratio H/L_2,,,
HS2024_7_I_N2,,,
RBK2021_1332T Late,,,
LY2019_P1-,,,
RKK2015_TNF-α/basal.1,,,
RKK2015_TNF-α/TNF-α+SC-514,,,
CR2017_Ratio Replicate 2.5,,,
HS2024_3_I_T3,,,
CKC2017_log2 normalized phosphoproteomics_90min_rep#2,,,
AS2011_Ratio H/L Normalized RNAi_1,,,
KS2014_Intensity E15_4,,0.6479368839154171,
ZQ2022_C3,,,
EJN2021_3_Rest_Ins,,,
YP2020_Intensity P10_R2_mult_log2,,,
MV2014_Ratio H/L normalized A1___3 (10 min),,,
NJH2025_Sub1_MICT_Pre,,,
KBE2022_Log2_Ex_39_T,,,
FSO2013_Ratio H/M normalized Rep3___2,,,
RM2024_Intensity D6-2,,,
EP2017_Untreated R#1 log2 ratio,0.5333617993126413,0.5324682989745381,
RKK2015_SC-514/basal,,,
RM2024_Intensity D6-1___3,,,
WZ2023_Pu_010_10min,0.528558904313794,0.6077631765935594,
NJH2025_Sub9_HIIT_Mid,,,
SR2019_SKBR3_Biol_repl_4,,,
HS2024_5_I_T3,,,
KS2014_Intensity N1,0.5274786420374362,0.6133098211932503,
NJH2024_Sub12_MICT_Post,,,
TM2022_S2.8h.C,,,
CR2017_Ratio Replicate 1,0.5037969260063921,0.5962758944385904,
AS2011_RNAi 1_Ratio H/L normalized by corresponding protein level (H: shPlk1; L: shEg5),,,
CKC2017_log2 normalized phosphoproteomics_30min_rep#3,,,
JJ2018_Ratio H/M normalized pP3,,,
AH2018_SILAC_MR_2_C,,,
LATM2013_Log2 Ratio (Medium/Light) Forward,,,
PG2020_Intensity 2h_A,0.5146224466701688,,
NJH2024_Sub6_MICT_Mid,,,
NJH2025_Sub13_HIIT_Post,,,
AH2018_SILAC_MR_3_X,,,
JJ2018_Ratio H/M normalized___1,,,
RCJD2014_15min_2,,,
AS2011_Ratio H/L_2,,,
AS2011_Ratio H/L Normalized,,,
RN2012_H03,,,
HS2024_5_B_N2,,,
HS2024_5_I_N1,,,
HS2024_6_I_N1,,,
AR2021_KD 48h,0.5157514788362734,0.5873807741699528,0.417567110289974
FR2021_Intensity.B,,,
RB2022_3_PreEndurance,,0.6117604390773225,
HS2024_5_I_T1,,,
NJH2024_Sub10_MICT_Pre,,,
SR2019_LM2_Biol_repl_2,,,
AST2020_anti-CD3,,,
SR2019_MDAMB231_Biol_repl_1,,,
RM2024_Intensity D2-3___3,,,
WZ2023_Pe_005_10min,0.5293788292334699,0.6088647480006907,
KBE2022_Log2_Ex_29_U,0.5001434886446857,,
HS2024_7_B_T1,,,
AH2018_LFQ_M_2_X,0.526354723424569,,
AH2018_LFQ_IT_4_N,,,
CK2022_15 200-1,,,
RM2024_Intensity D4-1___2,,,
JJ2018_Ratio H/M normalized,,,
JJ2018_Ratio M/L normalized pP3___1,,,
KBE2022_Log2_Ex_34_T,,,0.3583115224010472
CKC2017_log2 normalized phosphoproteomics_0min_rep#2,,,
LY2019_P2+,,,
LATM2013_Log2 Ratio (Light/Medium) Reverse,,,
CK2022_2 200-1,,,
AS2011_Ratio H/L Protein RNAi_2,,,
MV2014_Ratio L/H normalized A3___1 (2 min),,,
WZ2023_Su_010_30min,0.529798216319721,0.6066623189704368,
RN2012_H01,,,
KTGR2014_Ratio-Rapa 2 mins,,,
EJN2021_2_Rest_Basal,,,
KS2014_Intensity pY_E5_3,,,
MM2018_Ratio H/L replicate 3,,,
EP2017_Pervanadate R#1 normalized log2 ratio,0.5212178148224945,0.6536377758930396,
HS2024_8_B_T3,,,
YA2020_Reporter_intensity_Cancer_No.3,,,
KBE2022_Log2_Ex_44_U,,,0.3932471107905063
WZ2023_Pe_010_20min,0.5312672443641345,0.6109309852704868,
KS2014_Intensity pY_C6,,,
AS2011_Ratio H/L Normalized_3,,,
RCJD2014_15min_mean,,,
RB2022_3_PreStrength,,0.6045588873964609,
NJH2015_iTRAQ Subject 3 116/117 (Exercise/Basal) (normalized),,,
RCJD2014_10min_mean,,,
KS2014_Intensity C1,0.5120239158665963,0.6172562207102628,0.4012145702294731
FSO2013_Ratio H/M normalized Rep3___1,,,
AH2018_SILAC_M_3_C,,,
RKK2015_TNF-α+IKKb/TNF-α,,,
RM2024_Intensity D0-3___2,,,
FSO2012_Ratio -/+ 3-MB-PP1 exp. wt2a,,,
AH2018_SILAC_M_2_C,0.5058305333577031,,
AH2018_SILAC_M_2_X,0.5053447492078219,,
KTGR2014_Ratio-Rapa 15 mins,,,
RM2024_Intensity D4-2___1,,,
KBE2022_Log2_Ex_15_T,,,
VOI2024_0.1uM 24 h_1 di,,,
WZ2023_Su_010_10min,0.5287746262555153,0.6073463785717332,
PG2020_Intensity 6h_C,0.5231176392560645,,
JVO2010_Ratio M/L Normalized by Protein Noco45 - Log2 mitosis,,,
JJ2018_Ratio M/L normalized pP1___1,,,
AH2018_LFQ_M_3_N,0.529527397421339,,
VOI2024_0.1uM 24 h_2 mono,,,
AH2018_TMTMS2_3_C,,,
CK2022_15 16-1,,,
CK2022_3 16-1,,,
LY2019_P4-,,,
FSO2013_Ratio H/L normalized Rep3___2,,,
KS2014_Intensity pY_PV2,,,
HS2024_3_I_N2,,,
GF2025_P8_Adh,,,
YC2018_Log2(SKBR3-LR/SKBR3)_Rep.2-2,,,
GF2025_P5_Sph,,,
CK2022_10 16-1,,,
KTGR2014_Ratio H L Normalized Rep1_AA_starvation_0_15,,,
VOI2024_0.1uM 2 h_2 di,,,
NJH2015_TMT Pool 131/130_C (Exercise/Basal) (normalized),0.49718521353460304,,
NJH2024_Sub2_HIIT_Mid,,,
AMK2021_45I_p3,,,
NJH2024_Sub13_HIIT_Mid,,,
DB2022_LFQ intensity R1.2,,,
DB2022_Intensity R1,,,
NJH2024_Sub12_MICT_Mid,,,
KTGR2014_Ratio M L Normalized Rep1_Rapamycin_0_15,,,
UK2020_HCM_4,,,
SAS2015_AZD/DMSO_Exp2,,,
IMM2018_normalised rep. int. CDK5L-1,,,
DB2022_LFQ intensity L2.2,,,
KTGR2014_Ratio H M Normalized Rep1_AA_starvation_0_15,,,
EP2017_Mitotic R#1 log2 ratio,0.5326023242785033,0.580040763506076,
EJN2021_2_Ex_Basal,,,
RM2009_Ratio H/L Normalized by Corresponding Protein Level (H:60 min timepoint;L:0 min. timepoint),,,
KTGR2014_Ratio-Rapa 30 mins,,,
CKC2017_log2 normalized phosphoproteomics_90min_rep#1,,,
CF2017_FTE 16,0.521714970152566,,
AR2021_L41 10 μM,0.47999865222085575,0.5888950550709322,
CF2017_EOC 2,0.506443954277332,,
RB2022_6_PostEndurance,,,
AH2018_SILAC_1_N,0.5158155761766469,,
NJH2024_Sub10_HIIT_Pre,,,
AS2011_Ratio H/L Inhi_1_2,,,
UK2020_HCM_6,,,
RB2022_7_PreSprint,,0.6024779940315452,
NJH2024_Sub2_MICT_Pre,,,
HS2024_3_PD_T2,,,
CK2022_6 16-1,,,
ZX2022_CB treated Replicate 1,0.5068543198395997,,
BS2014_Log2(Ratio H/L normalized Rep_3),,,
TM2022_mock.12h.C,,,
GRW2016_Ratio M/L normalized SILAC 5a___1,,,
HH2022_Reporter intensity 0,,,
RM2024_Intensity D2-2___2,,,
JC2019_Normalised_intensity_B_TiOx_Testis_sample_URO0126,,,
RB2022_1_PreStrength,,,
JJ2018_Ratio H/M normalized pP2___2,,,
AH2018_TMTMS2_2_X,,,
AR2021_L41 1 μM,0.49786768522452407,0.5842550271554721,0.4844414138420805
JJ2018_Ratio H/M normalized pP1___2,,,
AH2018_TMTMS2_1_N,,,
NJH2025_Sub10_MICT_Pre,,,
JVO2010_Ratio H/M Normalized by Protein Noco45 - Log2 early S,,,
ZX2022_Control Replicate 3,0.5062228979204583,,
KS2014_Intensity C4,0.49230296295088405,0.6284341101186471,0.4245074760589705
AS2011_Ratio H/L Inhi_2,,,
KBE2022_Log2_Ex_18_T,0.5039445058675096,,
NJH2025_Sub9_MICT_Pre,,,
RCJD2014_20min_1,,,
MV2014_Ratio H/M normalized B2___1 (5 min),,,
FSO2013_Ratio M/L normalized Rep2___3,,,
JC2019_Normalised_intensity_C_TiOx_Testis_sample_URO0158,,,
SR2019_MCF10A_Biol_repl_3,,,
HS2024_7_B_T2,,,
SAS2015_PLX/DMSO_Exp3,,,
AMK2021_Ctrl_p5,,,
NJH2025_Sub2_HIIT_Mid,,,
AH2018_LFQ_M_3_C,0.530634302362867,,
CKC2017_log2 normalized phosphoproteomics_15min_rep#2,,,
YA2020_Reporter_intensity_Cancer_No.2,,,
FSO2013_Ratio H/M normalized Rep2___3,,,
RB2022_8_PreSprint,,0.585012505118774,
AH2018_SILAC_IT_3_C,0.5133241331296964,,
WZ2023_Pu_025_10min,0.5339144657873579,0.6129803212034238,
RM2024_Intensity D2-2___3,,,
AS2011_Ratio H/L_1,,,
RCJD2014_10min_3,,,
FSO2013_Ratio M/L normalized Rep3___1,,,
SR2019_JIMT1_Biol_repl_4,,,
YP2020_Intensity C10_R2_mult_log2,,,
ZCP2016_Ratio H/L Rep 2,,,
CF2017_EOC 4,0.4879635326581841,,
JJ2018_Ratio H/L normalized pP1___1,,,
WZ2023_Pe_010_30min,0.5336145684057433,0.6114906904998609,
MV2014_Ratio L/M normalized B2___3 (30 min),,,
AH2018_LFQ_IT_3_N,0.504278952238645,,
KS2014_Intensity C6,0.516498449593205,0.6378291708468062,
ZQ2022_N3,,,
HW2015_Ratio H/L normalized Exp1,,,
CK2022_12 40-1,,,
NJH2024_Sub7_MICT_Pre,,,
ZX2022_Control Replicate 1,0.5114779264803843,,
JJ2018_Ratio H/M normalized pP1,,,
CK2022_16 40-1,,,
AH2018_SILAC_IT_2_C,0.5149779588585597,,
CK2022_5 40-1,,,
AH2018_LFQ_3_X,0.5287662018269859,,
UK2020_UA_3,,,
LY2019_P7-,,,
GF2025_P5_Adh,,,
RB2022_1_PostStrength,0.5337929336646602,,
JAW2011_Ratio H/L LS1b,,,
FSO2013_Ratio H/L normalized Rep3___1,,,
SR2019_HCC1954_Biol_repl_3,,,
CR2017_Ratio Replicate 2.2,0.4869721971385297,0.5950963135337414,
VOI2024_0.1uM 2 h_1 mono,,,
MV2014_Ratio L/M normalized A2___1 (10 min),,,
RNJ2017_Log2_ratio_Tsup:Tstim_D3,,,
CK2022_11 16-1,,,
ZQ2022_C1,,,
CR2017_Ratio Replicate 2.1,0.5254639696700372,0.6138106830381075,
PG2020_Intensity CT_B,0.5158227357241453,,
JJ2018_Ratio M/L normalized___2,,,
AH2018_SILAC_MR_1_N,,,
KS2014_Intensity pY_E5_1,,,
JW2021_Before_3,,,
NJH2015_iTRAQ Subject 2 117/116 (Exercise/Basal) (normalized),,,
MV2014_Ratio M/H normalized B3___3 (30 min),,,
FS2019_db/db1,,,0.3778802671036235
NJH2025_Sub9_HIIT_Pre,,,
JAW2011_Ratio H/L_1,,,
RCJD2014_20min_3,,,
AH2018_LFQ_3_C,0.5271627754525541,,
JJ2018_Ratio M/L normalized pP3___2,,,
AMK2021_45I_p1,,,
NJH2025_Sub8_HIIT_Post,,,
AH2018_LFQ_M_3_X,0.532035777578297,,
YA2020_Reporter_intensity_Cancer_No.4,,,
KS2014_Intensity pY_E5_2,,,
FSO2013_Ratio H/L normalized Rep1___3,,,
GF2025_P4_Sph,,,
RB2022_2_PreEndurance,,0.6000204402938252,
JW2021_Before_1,,,
KBE2022_Log2_Ex_25_T,,,0.38366651181842276
AS2011_Ratio H/L Normalized by Proteins Inhi_2,,,
MV2014_Ratio L/M normalized A2___2 (10 min),,,
JJ2018_Ratio M/L normalized___1,,,
FR2021_Intensity.H,,,
CK2022_14 16-1,,,
AST2020_anti-CD3+PDL2,,,
MV2014_Ratio M/L normalized B1___1 (5 min),,,
KBE2022_Log2_Ex_19_T,0.5067032131155332,,
KS2014_Intensity pY_N1,,,
RB2022_1_RecoveryEndurance,,,
FSO2013_Ratio H/M normalized Rep1___2,,,
HS2024_8_I_T1,,,
NJH2015_iTRAQ Subject 1 115/114 (Exercise/Basal) (normalized),,,
EP2017_Mitotic R#2 log2 ratio,0.526156672262167,0.6264591223370528,
AH2018_TMTMS2_1_X,,,
KTGR2014_Ratio M L Normalized Rep2_AA_starvation_0_15,,,
ZCP2016_Ratio H/L Rep 3,,,
AS2011_Ratio H/L Normalized RNAi_1_3,,,
SR2019_MCF10A_Biol_repl_1,,,
NJH2025_Sub8_MICT_Mid,,,
EJN2021_5_Ex_Ins,,,
HS2024_6_I_N2,,,
HH2022_Reporter intensity 4,,,
RBK2021_1326T Late,,,
TM2022_mock.12h.B,,,
NJH2024_Sub12_MICT_Pre,,,
RCJD2014_15min_3,,,
MV2014_Ratio L/H normalized B3___2 (5 min),,,
LG2023_Control-3_intensity,0.5320741880624563,,
JJ2018_Ratio H/L normalized pP3___2,,,
CF2017_FTE 15,0.5176188954667048,,
HS2024_4_I_T3,,,
AH2018_SILAC_1_X,0.5173731873556574,,
PG2020_Intensity 10h_B,0.516181400268642,,0.31171675744163235
AH2018_TMTMS3_1_X,,,
CF2017_FTE 14,,,
NJH2024_Sub13_HIIT_Post,,,
RM2024_Intensity D6-3___3,,,
NJH2025_Sub7_HIIT_Pre,,,
RBK2021_1259T Early,,,
RKK2015_IKK+TNF-α/IKKb,,,
FSO2012_Ratio -/+ 3-MB-PP1 exp. as1b,,,
PG2020_Intensity 6h_A,0.5271835426486086,,0.3038669049697391
SR2019_HCC1419_Biol_repl_3,,,
KBE2022_Log2_Ex_14_T,0.503733368481634,,
EP2017_Untreated R#2 normalized log2 ratio,0.4953723441421512,0.551742712417049,
RM2024_Intensity D0-2___1,,,
DB2022_Intensity L1,,,
LY2019_P5+,,,
HS2024_5_I_N2,,,
SAS2015_PLX/AZD_Exp3,,,
EP2017_Pervanadate R#2 log2 ratio,0.5028797124792644,0.5691605574367944,
AS2011_Ratio H/L Normalized RNAi_2_1,,,
